time,x,y,z,phi,theta,psi,x_velocity,y_velocity,z_velocity,phi_velocity,theta_velocity,psi_velocity,rotor_speed1,rotor_speed2,rotor_speed3,rotor_speed4
0.06,-5.78453376246e-07,4.47526999279e-07,10.0029178068,0.000251691134524,0.000325323924288,0.0,-4.13181065105e-05,3.19662274569e-05,0.0972561637925,0.00838995092999,0.0108444134783,0.0,435.23377053408416,436.140217931981,436.01947683569085,436.7196627874943
0.12000000000000001,-1.13449412431e-05,8.74659506022e-06,10.0092039351,0.000841455428771,0.00111286835725,0.0,-0.000383910562026,0.000294834294704,0.112279857615,0.0112688633868,0.0154070207566,0.0,409.45689199606244,409.8624188795735,408.34297410727135,408.5995509680779
0.18,-6.35041095821e-05,4.80157028339e-05,10.0202302145,0.00170915706064,0.00253441581214,0.0,-0.00149080260264,0.00110123145516,0.255240608487,0.0176544490172,0.0319772072581,0.0,450.62007317717763,451.9573410851682,449.14882369307907,449.66620111410305
0.23999999999999996,-0.00021585870781,0.000155373284013,10.039531095,0.00279223610209,0.00464577416484,0.0,-0.00380636509465,0.00259218901965,0.388084691276,0.0184481621,0.0384008004944,0.0,446.86900976620285,447.39271273495854,447.4136014020098,447.4781384356691
0.3,-0.000569181238786,0.000384067185069,10.0700957742,0.00316591653939,0.00622884136863,0.0,-0.0081950325932,0.00510673492453,0.630634016264,-0.00599221012444,0.0143699569116,0.0,481.32879484454105,479.50726390943777,480.91068359425884,479.05606971601594
0.36000000000000004,-0.0011976054679,0.000755832084804,10.1116472473,0.002331735841,0.00719280398173,0.0,-0.0128501090262,0.00721387303039,0.754340648805,-0.0218137555541,0.0177620611842,0.0,444.9845523664135,445.2620080254024,445.111074086755,443.8146807213235
0.4200000000000001,-0.00213007102357,0.0012338863824,10.1610213261,0.00088102899803,0.0085553051383,0.0,-0.0183671812195,0.00857021450061,0.891363940753,-0.0265428964592,0.0276542272706,0.0,448.5680090461573,449.37049029995416,449.4222310548761,449.0387623210466
0.48000000000000015,-0.00343676641447,0.00176155038307,10.2200020874,6.28241316585,0.00992788906621,0.0,-0.0253558071339,0.00883182595866,1.07450556613,-0.0285626485955,0.0180990922171,0.0,464.378881426645,463.62891314707826,462.78990853240765,462.6307797233168
0.5400000000000001,-0.00519412781701,0.00226652315937,10.2900418049,6.28088391237,0.0113762395663,0.0,-0.0333732419939,0.00781842053262,1.25996375795,-0.0224128528883,0.0301787101537,0.0,463.4610818736423,464.4094343269993,464.61356933604975,465.09530088065833
0.6000000000000002,-0.00748852272014,0.00267252416915,10.3729690205,6.27982880082,0.0128784511187,0.0,-0.0433011712219,0.00557366960698,1.50398537797,-0.0127578466663,0.0198956493258,0.0,483.291022397477,482.51552994018795,480.7290069724476,481.46003991699223
0.6600000000000003,-0.0103927002146,0.00292494844037,10.4688878442,6.27888873642,0.0142474269927,0.0,-0.053652319187,0.00273983641825,1.69304553204,-0.0185775416162,0.0257366233211,0.0,466.8989110548142,467.3543419907661,466.1152573310103,465.6603836427464
0.7200000000000003,-0.0138878542292,0.00300304918916,10.5716714293,6.27693681514,0.0169407485955,0.0,-0.063067110259,-0.000291948382476,1.73300978945,-0.0464845206404,0.0640364332177,0.0,418.7415458592919,422.0608467756915,421.4448328367658,419.02565616251394
0.7800000000000004,-0.0181982679945,0.00278461445435,10.6877569328,6.27430973493,0.0211397545707,0.0,-0.0812005389136,-0.00737818678876,2.13583087847,-0.0410855238205,0.0759277841927,0.0,526.5063729301432,527.3310684131646,526.9906177709655,527.3628419077487
0.8400000000000004,-0.0235598713414,0.00213327134188,10.8205112167,6.27137982584,0.0257093486105,0.0,-0.0980146024367,-0.014635201667,2.28900255731,-0.0565759263307,0.0763918968933,0.0,456.97193657257367,457.0133216625735,459.3369996833359,458.10576738121716
0.9000000000000005,-0.0300937367559,0.000950961224448,10.9647942715,6.2687840838,0.0300055518761,0.0,-0.120301189119,-0.0251162829584,2.51993253121,-0.0299526787723,0.0668172383808,0.0,482.1511269173553,481.4309621899535,480.32983256076324,482.3433055536445
0.9600000000000005,-0.0379628883197,-0.000870211833251,11.1195434687,6.26608791139,0.033210134894,0.0,-0.1423593503,-0.035836170395,2.63809161407,-0.059916235597,0.0400072320042,0.0,450.11462405094045,447.94208788367257,449.8170133250699,447.3831242199186
1.0200000000000005,-0.0472762122882,-0.00342522345956,11.2830358721,6.2631721029,0.0364806417828,0.0,-0.168407356852,-0.0496777767757,2.81122505458,-0.0372811122394,0.0690051934941,0.0,464.927699723584,467.19558232703673,465.3841723493425,467.15080800993184
1.0800000000000005,-0.0581396703547,-0.00682039550175,11.4543760797,6.26135072919,0.0413560506437,0.0,-0.194164289863,-0.0636862429842,2.89986890311,-0.0234325688263,0.0935019478033,0.0,440.0847539236592,442.1125653769783,440.51888961448174,441.6621195693802
1.1400000000000006,-0.0707426702139,-0.0111401453227,11.6332076281,6.25921295199,0.0461189993098,0.0,-0.226478152954,-0.0805056807676,3.06073190744,-0.0478246594685,0.065271215675,0.0,464.81615700761193,462.60401919722796,465.0427939777996,463.1278712126344
1.2000000000000006,-0.0855435330272,-0.0166017916581,11.825025087,6.25713740583,0.0502973275852,0.0,-0.267369953281,-0.101828076082,3.33239290772,-0.0213631143197,0.0740044252009,0.0,496.1465632327252,496.79030600859994,496.58885529034404,498.52550344206327
1.2600000000000007,-0.102611775477,-0.0232384038145,12.0273634526,6.25602611597,0.0543305319968,0.0,-0.301972405606,-0.11950107748,3.41195276097,-0.0156800853995,0.0604388991362,0.0,441.9854121650015,440.8696590301964,441.1696567519667,441.6386978908244
1.3200000000000007,-0.121905442222,-0.0309904154649,12.2357261501,6.25537194299,0.0587139442715,0.0,-0.341564226548,-0.138967325461,3.53306778658,-0.0061257518184,0.0856690215027,0.0,454.39943769340186,456.4210920306458,454.09418771767275,454.86012044396074
1.3800000000000008,-0.143656941823,-0.0399144197982,12.4510705552,6.25516086998,0.0643235913541,0.0,-0.384030614565,-0.158516031295,3.64468254992,-0.000909886589677,0.101314233843,0.0,451.4011190065241,452.6687234126933,453.4941625579206,453.91302941921873
1.4400000000000008,-0.16775252547,-0.0498765989982,12.6681609034,6.25473638028,0.0698867884292,0.0,-0.419622295642,-0.173584437008,3.5917877381,-0.0132400000536,0.0841315158527,0.0,400.78279498648607,399.2268326114258,400.0249940413071,398.90060350360585
1.5000000000000009,-0.194565804855,-0.0609517759241,12.8890478225,6.25347452132,0.0748375217579,0.0,-0.474679678582,-0.195696059578,3.77047524241,-0.0288215024795,0.0808938539861,0.0,474.2475704544715,474.0039593869858,473.9363628198995,472.73726774553734
1.560000000000001,-0.224793425825,-0.0733849478809,13.1206065705,6.25146523846,0.0797621581735,0.0,-0.533418639465,-0.218940679752,3.94748435931,-0.0381538175448,0.0832600303901,0.0,474.9274231650079,475.11381403605486,474.38320748233895,473.66571556346366
1.620000000000001,-0.258704009116,-0.0872793986372,13.3633237269,6.24859635019,0.0848201126437,0.0,-0.597463339352,-0.244493743291,4.14231722813,-0.0574732256365,0.0853378522617,0.0,481.4006045089014,481.56298024998404,481.4440387537002,479.97899170436915
1.680000000000001,-0.29614546826,-0.102602212533,13.6127017255,6.24458497583,0.0898101318075,0.0,-0.651037156804,-0.26661008792,4.17010289745,-0.0762352775147,0.0809973865602,0.0,431.5005900024269,431.13997255814775,432.09562346671567,430.50774545668935
1.740000000000001,-0.337235915423,-0.119476829985,13.8674938119,6.24018451669,0.0947660868849,0.0,-0.719133950176,-0.296340620633,4.32229853828,-0.0704481479042,0.0842002130451,0.0,470.1967545319753,470.44989100645654,470.38234723401064,470.8263500088793
1.8000000000000012,-0.382286285424,-0.13812209506,14.1289381704,6.23687943808,0.0993939739085,0.0,-0.782985929263,-0.325505649551,4.39214991,-0.039727186155,0.0700665514697,0.0,446.760904121443,445.61196819302097,445.7604708499843,448.2615422348176
1.8600000000000012,-0.430952719465,-0.158435628664,14.3915286952,6.2342213167,0.103588214866,0.0,-0.839589960132,-0.351827284998,4.3609081657,-0.0488756714409,0.0697415576009,0.0,415.07177527186565,415.04735664127236,414.0184937517411,413.2115306981568
1.9200000000000013,-0.483795860087,-0.180709717288,14.6589914811,6.2308072348,0.108058461303,0.0,-0.922277158856,-0.390976965361,4.55364430294,-0.0649243195124,0.0792643271853,0.0,484.5890934946443,485.3080947872895,484.5510180652201,483.3412202351075
1.9800000000000013,-0.540895468047,-0.205021472094,14.9305836522,6.22684207804,0.11243542589,0.0,-0.981426847193,-0.419734989862,4.49954430651,-0.06724705879,0.0666377519415,0.0,408.80224969972176,407.68041835436003,408.6545511188157,408.4438135300576
2.0400000000000014,-0.601842297867,-0.231236803924,15.2009312468,6.22315558523,0.115743289625,0.0,-1.05044817974,-0.454441282815,4.51188766866,-0.0556384776189,0.0436288137555,0.0,430.90262741685024,428.95550194483616,430.53421177042367,431.51233306539336
2.1000000000000014,-0.667078394252,-0.259645945906,15.4727769867,6.21966079692,0.118235673709,0.0,-1.12431232014,-0.492836812777,4.54938640215,-0.0608534950273,0.0394511823436,0.0,439.5607572213267,439.2153665835977,438.76133750619476,438.32579345091375
2.1600000000000015,-0.736665906687,-0.290357656601,15.745782502,6.21481362384,0.120458545899,0.0,-1.19547732118,-0.531271620347,4.55068760606,-0.100708845922,0.0346450832244,0.0,427.91619678456175,427.5075717436279,429.43042094824807,426.0311216927397
2.2200000000000015,-0.810806749517,-0.323604563892,16.0208449204,6.20940879553,0.122251261465,0.0,-1.27604341913,-0.577480285435,4.61766239288,-0.0794590903124,0.025112891785,0.0,448.7125861050407,447.9383435464797,449.0980323654719,450.8112054829215
2.2800000000000016,-0.890042372196,-0.359861156065,16.3017197618,6.20500755294,0.124065737021,0.0,-1.36527056416,-0.631507440882,4.74417615333,-0.0672521166522,0.0353689115961,0.0,468.6094817814715,469.40631797802683,467.1384327126816,468.08528913171364
2.3400000000000016,-0.975193078689,-0.399777767761,16.5942928127,6.20086278642,0.126042270507,0.0,-1.47320870115,-0.69946717877,5.00696175593,-0.0709059448384,0.0305159641351,0.0,508.47854844301656,508.131039611361,509.9751524504485,509.7111931993605
2.4000000000000017,-1.06542483444,-0.442931775959,16.8912505935,6.19677654056,0.128019630991,0.0,-1.53473103348,-0.739329402299,4.89203105698,-0.065303567097,0.0353956182,0.0,392.2494595340646,392.70297353400326,393.6948578114803,394.20870186205656
2.4600000000000017,-1.15967114227,-0.488730515116,17.1835449541,6.193209897,0.12969342177,0.0,-1.60699908111,-0.787605785474,4.85117081704,-0.0535869334371,0.020398612451,0.0,419.34055573112585,418.0359501680155,417.1594715477282,418.17853054631905
2.520000000000002,-1.25855481958,-0.53767280741,17.4754494798,6.18914853029,0.130233067815,0.0,-1.68919640429,-0.84413462499,4.87873666001,-0.0817860909979,-0.00241019879193,0.0,440.4054223042864,438.5144455617806,442.9820144434622,440.6537565677423
2.580000000000002,-1.36236324243,-0.59007453488,17.768851782,6.18339375763,0.129889685743,0.0,-1.77106887749,-0.903072264347,4.90111296593,-0.110030623863,-0.00903602371234,0.0,439.8110727054182,439.261952101533,440.6268394463415,438.2781054392917
2.640000000000002,-1.47105032291,-0.646096264385,18.0633264662,6.17728093056,0.129843544658,0.0,-1.8518313332,-0.96486820445,4.91450582357,-0.0937363597513,0.00749841406702,0.0,435.1292863723315,436.5115355324335,437.69176823486225,439.0362521037676
2.700000000000002,-1.58440859328,-0.705784476874,18.3572000998,6.17213514717,0.129926443338,0.0,-1.92683974292,-1.02518797083,4.88128931094,-0.0777946971078,-0.00473544973426,0.0,422.46354764548744,421.4071327061024,421.6564899827989,423.0247174465156
2.760000000000002,-1.70242187778,-0.769300876901,18.6501903585,6.16855376596,0.129598483819,0.0,-2.00693601832,-1.09236869531,4.88490828814,-0.0415926184566,-0.00619656413731,0.0,434.5513097738515,434.4288848972953,432.6524049972487,435.6868226839282
2.820000000000002,-1.82594727284,-0.837528838566,18.9487707811,6.16677683398,0.128473782731,0.0,-2.11040122319,-1.18203362901,5.06683099039,-0.0176405624015,-0.0312931460514,0.0,489.46867610111843,487.5972318106852,489.56143090799617,491.3402430052173
2.880000000000002,-1.95489685345,-0.910487563598,19.252379544,6.16522323523,0.127455764939,0.0,-2.18785302592,-1.25005618787,5.05343768896,-0.0341452257724,-0.00264207314312,0.0,429.9711098330362,432.39192442550296,431.63059259867435,430.2351191701618
2.940000000000002,-2.08900938523,-0.988037862928,19.5592110706,6.16384626063,0.127102978558,0.0,-2.28249698532,-1.33505907482,5.17359282732,-0.011755316537,-0.00911763352426,0.0,474.0364743027812,473.53861828614504,471.6863840445914,473.41243266291656
3.000000000000002,-2.22883378289,-1.07074752047,19.8735034918,6.16327356622,0.126076242528,0.0,-2.37818475177,-1.42192957284,5.30210219836,-0.0073344820842,-0.0251066888122,0.0,476.6965490918963,475.47309177564966,477.8029069066661,478.1400070699285
3.0600000000000023,-2.37392740843,-1.15825244736,20.1919167312,6.16285744518,0.124121125042,0.0,-2.45815171153,-1.49494753391,5.31155485575,-0.00653620821771,-0.0400627366327,0.0,442.6530679474117,441.4200464690674,441.1363770827208,441.20241229440654
3.1200000000000023,-2.52426938907,-1.25060906414,20.514691894,6.16279289071,0.122069296136,0.0,-2.55298223813,-1.58356073983,5.44687867242,0.00438474885619,-0.0283327197719,0.0,480.45117844087525,481.33935744036444,480.0500426642429,480.87820851843816
3.1800000000000024,-2.67948903572,-1.34751991585,20.8392470792,6.16349528612,0.120005515679,0.0,-2.62096076383,-1.64682608953,5.37195501705,0.0190284830141,-0.0404588943162,0.0,416.0176453401835,414.95379080510264,414.8053963774931,416.0895584640805
3.2400000000000024,-2.83924055099,-1.44868829458,21.1632154994,6.16509408075,0.118029452717,0.0,-2.70391307769,-1.72530908301,5.42668361853,0.0342638684547,-0.0254113381987,0.0,457.12169095135795,458.3189157141976,455.70202623568616,456.91854940249954
3.3000000000000025,-3.00406274579,-1.55465466031,21.491448403,6.16718023809,0.116271933222,0.0,-2.78999913358,-1.80667277369,5.51393731098,0.0352746149873,-0.0331721224981,0.0,468.0194182483408,467.41471805215804,467.55227208833213,467.63146346671147
3.3600000000000025,-3.17381019904,-1.66525401464,21.8230762732,6.16904584186,0.11401673326,0.0,-2.86810262557,-1.87981301283,5.54017020641,0.0269128991437,-0.0420003220002,0.0,450.95268285732686,450.23828617176855,449.16688074664773,448.4884994506688
3.4200000000000026,-3.34870577042,-1.78070704519,22.1605650478,6.17025713184,0.110727845895,0.0,-2.96138161992,-1.96840579985,5.70856527439,0.0134640193175,-0.0676252872686,0.0,494.0533626618398,492.1586812614281,493.1618268136785,492.1672550291777
3.4800000000000026,-3.52824132716,-1.90054977619,22.5001271169,6.17023446341,0.10659953999,0.0,-3.02298078314,-2.02643013583,5.61069283863,-0.0142201333224,-0.0699843644826,0.0,411.03325445583187,410.82013443911086,412.36720359313995,409.91376634847654
3.5400000000000027,-3.71186569757,-2.02435063806,22.8379115157,6.1692341094,0.101583337211,0.0,-3.09745879086,-2.10036765684,5.64858525594,-0.0191249027187,-0.0972150271811,0.0,454.8781099837606,452.6868398627338,455.34749862562484,454.95497968361167
3.6000000000000028,-3.899804722,-2.15252946831,23.1772299865,6.16854941979,0.0964822362861,0.0,-3.16678707907,-2.17236803973,5.66197632531,-0.00369828542694,-0.072829244247,0.0,446.95318535910627,448.9300727258085,445.7217978861839,446.9811283931804
3.660000000000003,-4.09175524604,-2.2849522676,23.5165378502,6.16870750574,0.0922425258916,0.0,-3.23129700332,-2.24177589833,5.64836976874,0.00896823883107,-0.0684954796464,0.0,439.61643822366136,439.9714949034294,436.92022532746296,437.9752063099978
3.720000000000003,-4.28789375391,-2.42200648892,23.8590542066,6.1692212879,0.088099798997,0.0,-3.30625205199,-2.32661901071,5.76822083618,0.00815782519087,-0.0695951659299,0.0,479.94091424672007,479.85422502262054,479.4767460237502,479.4150349663444
3.780000000000003,-4.48797556414,-2.56352192355,24.2032716676,6.16999293645,0.0838279904731,0.0,-3.36293620234,-2.39060086564,5.70605988422,0.0175637576806,-0.0727976860881,0.0,424.55716197630926,424.2781536285784,422.8371539915996,423.64677122005673
3.840000000000003,-4.69169119379,-2.70925528786,24.5471205149,6.17061749635,0.0795250846812,0.0,-3.42725099894,-2.46713165027,5.75534019248,0.00325501175111,-0.0706330318752,0.0,458.44353867512183,458.6117087761051,459.70419973761295,458.56863374124674
3.900000000000003,-4.89892480899,-2.85918440384,24.8904215305,6.17155655115,0.075576255879,0.0,-3.48034879984,-2.53055085203,5.68842067568,0.0280466982505,-0.0609967755951,0.0,421.34762236754347,422.17640991172374,421.05854069426096,423.19834581178236
3.960000000000003,-5.10984957019,-3.01372120993,25.2369436381,6.17315163419,0.0721566007578,0.0,-3.55010417009,-2.62045223272,5.86142322544,0.0251229162801,-0.052993214011,0.0,494.25167836431416,494.8393129320985,496.0060568558305,495.79133546969973
4.020000000000002,-5.32477438125,-3.17343771652,25.5921100644,6.17424817034,0.0681235763173,0.0,-3.61371615884,-2.70329733085,5.97686176655,0.0114287918625,-0.08143516329,0.0,481.2589731543594,479.0983523956199,480.85232535466514,479.81356423845716
4.080000000000001,-5.54315415157,-3.33764761648,25.9499048173,6.17438528891,0.0631772977467,0.0,-3.66531796036,-2.77042140691,5.94983983413,-0.00685855152988,-0.0834402207406,0.0,437.5529522375946,437.380371175552,438.31391361220494,436.79103521847134
4.14,-5.76474302908,-3.50619915494,26.3088457479,6.17426547263,0.0593392192191,0.0,-3.72064713875,-2.84800712457,6.01452593194,0.00286496173087,-0.0445048969016,0.0,464.56853570471884,467.6084951556077,465.1969864252988,465.9579821740839
4.199999999999998,-5.98952513837,-3.6792769594,26.6703752898,6.17484138232,0.0565907564985,0.0,-3.7719250245,-2.92126506621,6.0363448138,0.0163322147764,-0.0471101706451,0.0,453.3827306083498,453.1721642878043,452.878222515633,453.96030338068203
4.259999999999997,-6.21737267472,-3.85679407112,27.0336015947,6.17519947504,0.0535416091132,0.0,-3.82279891,-2.99596789407,6.07102268529,-0.00439591226305,-0.0545269397659,0.0,458.6992859131725,458.10832739413996,457.5411307330027,455.88741900967466
4.319999999999996,-6.44837711101,-4.03909504464,27.401602523,6.17521922999,0.0505278354091,0.0,-3.87707679419,-3.08072957901,6.19497273843,0.00505476729178,-0.0459335551731,0.0,485.4128804455549,486.05598744011223,483.3706453788317,484.08249631906614
4.379999999999995,-6.68247946165,-4.22624711454,27.7747884374,6.17701501477,0.0472062675731,0.0,-3.92611977967,-3.15760023332,6.24431793173,0.0548026369685,-0.0647822975498,0.0,464.7692559524523,463.28759645874425,461.71898795177754,465.6283296476553
4.439999999999993,-6.91945495911,-4.41793495141,28.1504444166,6.17934955241,0.0438568452282,0.0,-3.97283029884,-3.23182536391,6.27745064871,0.0230194683185,-0.0468685089889,0.0,458.6665480370343,460.08506839242864,460.47451187824834,457.9538527353424
4.499999999999992,-7.15918548127,-4.61403973748,28.5279405043,6.18041065215,0.0407088662535,0.0,-4.01799731126,-3.30496159727,6.30563614459,0.0123508827506,-0.0580623651013,0.0,458.63265838679035,457.7409623543991,458.2984317546397,457.44942853820265
4.559999999999991,-7.40172423926,-4.81488502736,28.9105707836,6.1813681842,0.0373955931976,0.0,-4.06632726873,-3.38978434757,6.44791596317,0.0195667595939,-0.0523810751846,0.0,492.3813130849874,492.7997246813797,491.5517624328065,492.08619848439093
4.6199999999999894,-7.64706297875,-5.0206835272,29.3004635147,6.18280016485,0.0341490795232,0.0,-4.11137803667,-3.47005903109,6.54796959769,0.028165552126,-0.0558354700565,0.0,481.4130419373796,481.1498806311191,481.32920141549215,481.9796543876288
4.679999999999988,-7.89488366716,-5.2307676517,29.6912093442,6.18473688528,0.0316348433403,0.0,-4.14920477735,-3.5327444138,6.47739099087,0.0363911317078,-0.0279763794559,0.0,428.0197473889102,430.3834185737635,429.68318515085707,430.3805123463856
4.739999999999987,-8.14503779271,-5.44485741725,30.0803285347,6.1867665238,0.0297682088868,0.0,-4.18918368145,-3.60348548198,6.49320458794,0.0312639679326,-0.0342442941538,0.0,456.47530531203,455.9744594350125,456.29505411369746,455.88593053856073
4.799999999999986,-8.39769175119,-5.66356903205,30.4744814902,6.18838863601,0.0269512975145,0.0,-4.2323979114,-3.68672698276,6.64437418672,0.0228070029667,-0.0596496206202,0.0,497.24234185078484,495.3764592888127,496.7692768351103,496.1487574665091
4.859999999999984,-8.6527981105,-5.88693304874,30.8742622754,6.18993373304,0.0226000099787,0.0,-4.27087034003,-3.75868668524,6.68153382339,0.0286959130036,-0.0853874701469,0.0,465.2241951233927,463.20068707473666,464.5437292480418,465.00545694750986
4.919999999999983,-8.91014925673,-6.11460342435,31.2762651576,6.19180772271,0.0175156389932,0.0,-4.30714289414,-3.83025043232,6.71848952973,0.0337700225734,-0.0840919418946,0.0,464.01022350331897,464.1063565977166,464.9773435603661,465.37504332870947
4.979999999999982,-9.16954299956,-6.34621264155,31.6767698688,6.19430741986,0.0125809993627,0.0,-4.33906912831,-3.89005320128,6.63236950832,0.0495514334228,-0.08039710517,0.0,425.18494279677213,425.49554443815066,425.41736929977907,426.7677743518562
5.0399999999999805,-9.43082904991,-6.58160519438,32.0744947571,6.19646513946,0.00774006913397,0.0,-4.37016052519,-3.95628415956,6.62534248392,0.0223757419058,-0.0809670782987,0.0,450.11354709704943,450.06226381238605,450.44851041841633,448.24578803603123
